10,10,3,3,7,3,0,5,2,9,638
7,1,9,9,3,6,6,0,7,3,1052
0,9,6,10,8,1,5,9,9,1,456
2,6,8,5,9,10,6,1,4,1,601
5,9,4,7,9,3,4,0,1,6,1037
1,6,2,5,1,3,4,8,4,7,1150
2,6,3,3,3,2,1,6,3,6,469
9,0,7,3,5,9,8,8,2,8,931
10,3,1,2,8,8,6,5,4,8,398
4,10,3,4,10,9,5,8,10,3,660
1,5,5,6,1,0,3,8,5,2,545
3,3,3,3,9,5,6,10,10,0,623
3,2,7,5,5,10,8,6,2,6,1290
9,2,3,2,5,9,3,8,10,2,560
4,6,8,8,2,2,0,9,0,8,666
2,6,5,4,5,5,9,5,1,8,703
9,2,5,0,5,9,4,4,10,3,458
4,4,5,9,6,0,10,4,4,3,1230
9,8,6,1,10,2,3,1,3,10,502
0,7,1,2,5,5,1,1,2,4,274
6,5,3,7,8,8,1,6,3,5,505
10,7,1,7,7,10,3,1,2,0,958
9,9,10,3,9,7,7,4,6,9,1158
7,8,8,6,8,1,3,0,0,0,661
8,8,8,8,9,8,9,4,0,5,1391
8,9,1,8,0,10,5,3,2,6,365
9,6,7,0,5,2,6,0,6,9,1094
7,1,0,6,8,8,3,4,9,1,848
3,2,1,4,9,0,4,2,4,8,565
9,10,3,10,0,10,2,6,7,9,1296
6,3,4,8,6,0,3,1,4,5,385
6,1,10,2,7,8,10,0,2,3,1142
10,6,6,0,0,10,8,6,6,3,1151
6,6,0,8,8,2,10,2,10,10,1207
0,0,1,1,0,1,9,0,6,8,1051
8,8,2,2,8,8,2,7,2,6,601
0,1,6,8,4,5,6,5,0,3,436
5,1,9,0,1,7,7,1,6,4,368
9,8,9,8,3,4,9,5,2,6,840
3,4,4,10,0,5,10,4,9,10,736
8,10,8,1,9,7,4,6,10,6,956
0,1,2,5,7,5,0,1,3,5,1128
4,2,9,6,6,5,3,7,2,10,332
4,0,0,4,6,3,6,7,6,6,363
2,7,9,8,8,3,0,5,6,7,843
8,2,3,4,7,5,0,1,5,0,1130
9,0,4,7,4,3,1,1,4,8,793
0,3,7,5,7,1,4,6,0,6,727
1,6,5,8,6,7,9,2,6,1,803
0,6,10,7,1,9,5,2,5,10,891
7,10,3,1,3,6,0,1,6,6,695
6,10,3,5,10,5,7,3,2,5,453
5,8,1,3,0,0,5,6,0,1,670
8,6,4,5,9,1,0,10,3,2,1050
7,6,3,10,7,5,0,2,8,4,502
0,2,5,3,7,2,8,7,10,9,1033
2,10,0,6,4,3,3,3,1,2,650
10,0,10,1,5,0,7,9,5,7,581
3,10,0,9,10,9,4,1,7,2,1105
5,3,8,6,8,0,8,5,9,8,986
9,1,7,5,3,6,1,4,0,3,867
6,2,5,1,7,0,5,4,0,6,1172
10,3,7,5,5,0,0,10,2,0,685
6,3,4,9,7,5,9,6,1,2,717
5,0,6,7,1,0,9,8,4,6,1293
3,7,2,8,10,3,7,6,9,9,614
1,7,8,3,5,3,1,1,9,0,1109
7,0,8,1,7,7,7,2,5,7,1121
8,6,3,9,7,4,3,10,8,0,1099
2,6,5,4,2,6,2,5,0,6,793
0,4,5,3,7,7,1,1,1,2,793
10,3,1,7,10,1,5,2,8,2,811
2,1,6,9,7,4,0,2,2,7,399
2,10,3,0,7,0,5,1,4,2,602
3,7,2,10,3,4,8,1,4,2,604
9,1,5,4,2,8,10,9,1,5,1184
10,3,3,3,6,6,3,10,9,4,1146
3,9,10,4,2,4,5,3,2,2,864
5,6,2,10,9,6,5,10,7,10,884
4,3,1,4,5,8,9,10,8,9,659
3,7,4,6,5,4,8,6,8,6,327
9,3,3,1,4,3,0,6,9,6,261
8,3,9,5,5,3,0,5,8,9,309
5,1,0,10,7,3,0,9,4,0,272
8,4,8,8,3,6,4,7,6,0,366
3,3,5,7,8,9,4,1,1,2,243
5,9,10,8,2,2,8,7,10,3,405
7,8,2,8,7,1,3,4,3,8,293
2,8,7,8,5,8,0,0,8,3,243
4,6,8,9,3,6,3,10,3,9,352
2,4,1,7,2,3,10,1,1,3,204
2,7,5,6,7,4,8,8,9,8,360
8,3,0,10,9,2,5,4,3,10,307
1,1,9,10,6,10,4,4,10,7,316
8,2,0,6,9,4,4,0,5,1,244
6,3,10,4,0,2,0,9,3,6,277
7,1,7,9,10,2,9,3,8,2,378
3,9,10,9,5,5,7,7,1,7,374
9,1,1,9,10,5,8,3,10,7,365
5,10,0,2,1,7,9,2,1,9,235
3,5,10,10,4,9,9,7,8,1,410
1,4,7,2,6,4,6,4,4,7,243
5,4,1,1,5,3,5,8,8,0,274
8,7,4,0,0,8,2,2,4,8,219
6,9,6,3,10,3,7,9,0,1,380
8,0,2,6,4,6,9,1,9,9,290
0,7,4,3,0,0,1,3,8,0,151
9,6,7,9,1,5,10,10,4,2,440
10,0,3,3,9,7,7,9,9,2,396
2,5,8,8,10,2,9,0,8,5,319
3,9,8,7,4,5,5,0,3,1,264
3,8,0,6,10,6,9,6,1,4,320
9,9,8,2,4,7,1,5,7,2,334
6,6,1,7,9,3,8,7,3,10,348
10,3,6,2,2,7,1,6,9,6,306
8,7,3,2,2,7,0,1,6,9,215
4,6,5,2,0,10,1,1,9,6,201
9,9,9,1,0,0,5,2,4,8,280
7,3,1,9,5,1,9,1,0,5,261
2,1,8,4,6,4,9,1,0,0,235
8,5,0,5,9,8,1,8,6,8,325
10,6,8,1,8,3,9,8,5,6,421
7,9,0,7,6,10,10,9,9,0,429
2,0,2,0,5,3,10,6,3,10,225
2,5,1,2,0,2,2,8,4,10,182
7,2,10,8,2,3,2,8,3,0,327
2,3,1,4,1,4,5,9,10,2,254
7,7,1,4,1,1,7,3,4,5,247
3,3,10,1,6,7,0,5,6,0,252
3,8,5,10,4,0,1,5,3,3,259
4,2,6,10,9,8,4,3,5,5,312
7,5,5,4,9,8,1,1,1,7,254
10,10,3,7,0,6,9,1,6,5,337
2,6,10,3,5,7,10,10,10,3,409
0,7,0,6,10,10,6,0,8,4,241
0,0,4,10,0,9,5,8,6,3,259
1,1,2,8,6,2,4,4,9,3,227
0,5,1,6,1,6,7,3,9,9,214
3,3,9,4,0,2,9,9,2,10,308
10,0,7,9,7,10,9,10,7,0,475
8,9,7,0,0,7,5,4,5,4,295
1,3,10,3,9,2,10,7,9,10,359
7,7,9,8,4,7,2,3,2,5,315
10,1,5,6,9,4,3,6,5,5,346
5,9,6,5,7,9,5,3,8,2,338
2,1,1,6,3,7,9,10,6,10,303
3,6,10,7,6,3,10,1,5,3,327
4,0,5,5,2,1,8,7,8,6,286
0,10,0,9,9,9,3,0,6,7,233
9,5,4,6,2,0,10,1,3,9,293
1,8,7,2,5,2,8,1,0,5,221
2,10,0,0,7,2,6,1,10,5,216
8,6,9,10,8,7,4,9,1,6,428
5,3,6,3,10,2,0,3,7,4,249
4,7,10,9,5,3,1,10,7,7,374
8,3,5,7,2,9,1,4,4,4,275
0,2,10,1,6,2,1,10,5,6,256
2,8,8,7,5,4,4,3,6,6,286
1,1,1,4,1,2,10,3,5,9,188
10,1,4,3,6,0,4,2,1,9,243
0,9,1,0,6,10,0,2,0,9,138
0,3,3,0,0,5,2,4,9,3,143
1,0,7,8,10,9,8,1,1,6,272
7,1,2,1,4,9,2,4,3,3,214
5,0,2,0,6,10,1,4,3,2,190
3,1,7,5,3,8,1,1,1,7,178
4,9,10,3,10,0,6,3,9,3,347
10,1,9,10,6,4,5,10,9,1,452
9,10,10,10,3,5,10,0,10,4,423
2,10,4,10,4,5,6,1,0,3,255
5,6,4,2,4,0,8,3,1,4,242
5,3,9,3,1,8,5,5,10,7,306
4,1,10,0,1,9,6,6,9,9,292
10,0,8,0,4,1,1,6,7,10,279
4,4,10,10,3,3,2,2,8,6,285
0,4,7,0,5,2,6,1,7,8,191
4,3,5,7,8,3,9,2,4,3,297
4,3,8,2,7,10,9,1,7,4,305
2,8,9,7,1,6,9,4,7,6,329
9,5,4,5,10,1,5,8,0,2,356
4,0,0,6,2,0,1,3,1,4,130
4,4,3,7,7,8,10,0,8,4,301
8,10,1,1,8,10,3,8,6,4,349
3,7,0,6,7,4,4,0,0,7,187
3,9,1,4,7,3,5,7,8,10,299
8,6,8,0,7,9,4,7,2,5,345
7,4,1,3,7,0,2,1,10,4,223
7,8,5,9,6,8,4,6,1,1,355
2,5,0,3,2,4,3,3,7,3,169
7,0,1,9,4,6,7,10,9,3,365
8,4,8,6,5,1,2,1,6,1,275
7,0,4,4,9,6,7,6,3,1,322
9,5,1,3,5,4,9,4,3,3,306
3,2,7,10,6,8,6,1,5,9,287
4,7,0,6,1,6,6,0,6,7,207
9,7,10,1,8,4,8,5,10,4,415
9,0,1,6,4,1,3,0,0,10,184
0,1,0,0,2,5,7,4,9,6,164
0,7,4,0,1,2,8,6,8,6,231
7,10,4,7,5,8,0,4,9,5,320
2,5,8,4,10,8,9,3,2,10,319
6,3,3,7,6,9,2,4,4,9,273
6,8,4,10,9,10,9,0,4,8,360
0,10,5,9,6,3,8,10,9,10,384
8,2,8,1,6,4,0,7,1,4,274
5,6,10,6,10,9,8,8,2,0,425
9,3,9,8,5,5,7,10,4,9,433
7,3,9,1,9,3,9,4,2,0,337
1,0,5,5,3,2,9,3,0,10,201
0,5,8,5,8,3,4,7,10,7,310
0,1,4,1,7,6,9,5,10,0,261
5,2,1,4,7,4,10,6,0,10,285
0,7,8,10,5,9,2,9,7,10,342
7,2,2,1,0,10,0,4,6,6,194
9,7,4,7,2,5,4,9,9,5,380
2,10,3,4,5,6,10,2,10,0,303
1,9,6,7,4,10,10,0,2,7,281
9,3,3,8,3,0,5,6,1,10,296
6,3,5,4,3,3,7,8,9,0,333
5,4,1,6,7,4,1,4,6,4,239
4,3,5,0,9,4,8,1,9,0,266
7,2,4,8,8,4,10,4,9,10,372
0,6,5,2,7,2,8,9,6,10,303
0,0,1,4,0,0,6,10,4,4,195
1,5,7,6,10,3,5,8,1,0,313
2,4,5,10,5,8,4,2,9,9,277
1,8,4,0,9,10,0,9,6,7,276
8,0,2,9,1,3,0,8,10,7,283
6,6,1,1,4,6,6,3,9,3,259
1,9,0,3,4,9,1,0,10,10,172
2,3,1,3,1,5,9,2,8,9,205
1,9,5,9,2,0,2,6,8,2,264
0,3,3,2,6,3,9,2,4,3,201
4,8,10,5,0,3,1,3,4,8,243
4,2,1,3,3,8,0,1,6,0,151
2,0,10,9,10,6,10,0,10,10,342
0,7,7,5,10,6,2,6,6,2,292
1,6,1,7,1,4,9,10,2,0,287
1,0,5,2,2,1,10,4,3,6,204
5,10,2,0,10,6,4,4,8,3,296
8,4,10,10,4,10,9,10,2,0,464
6,0,10,7,4,5,3,8,0,3,315
1,7,2,4,9,9,10,4,0,5,284
10,4,4,3,1,2,4,10,7,8,338
1,8,3,5,0,1,9,8,2,6,264
4,7,4,8,5,9,1,2,1,5,240
2,4,6,9,10,4,1,10,9,7,352
5,9,8,6,3,6,1,1,1,1,245
9,2,10,8,3,7,1,0,4,8,281
2,8,9,9,5,10,4,4,6,8,333
9,8,5,8,8,6,1,4,1,1,331
8,9,9,1,8,8,9,7,1,7,412
7,1,4,9,4,9,2,3,9,7,290
7,1,0,3,4,4,9,5,8,0,283
5,9,2,6,5,5,5,6,8,7,322
9,10,3,4,3,8,1,8,1,1,319
4,10,4,8,4,3,8,5,10,7,353
4,7,6,7,2,7,9,8,4,7,360
4,4,5,3,1,3,1,9,8,7,258
3,9,7,8,9,5,7,10,5,4,417
0,2,4,3,2,1,5,6,3,7,183
7,8,6,8,9,3,10,0,3,0,355
10,0,4,8,1,9,7,9,2,6,363
8,0,8,9,10,2,3,1,1,6,294
8,10,0,7,5,4,4,3,2,9,284
8,7,7,10,5,7,0,5,8,2,357
8,2,4,9,7,10,0,10,6,4,368
8,6,5,8,9,6,5,2,2,5,333
6,4,8,8,5,8,4,8,7,6,378
6,10,0,9,3,4,2,0,3,3,222
7,10,2,1,2,3,0,9,5,9,271
7,3,1,0,10,6,3,2,2,1,222
9,7,4,10,9,2,8,0,8,7,369
5,8,3,9,3,2,2,9,2,5,303
4,5,9,1,2,2,0,6,8,1,244
0,0,7,9,2,10,4,0,7,5,205
6,5,10,2,4,3,8,9,2,7,362
7,5,10,5,4,4,1,8,0,4,319
10,6,4,6,9,7,6,9,6,1,431
0,8,7,6,0,9,7,7,2,6,286
0,9,5,10,1,6,6,10,10,6,352
2,4,0,3,6,4,9,7,7,5,276
5,4,3,3,7,7,7,4,5,10,288
7,10,8,2,1,3,3,5,9,4,313
7,8,5,8,0,7,0,6,10,9,314
3,6,5,8,6,7,7,6,6,4,340
1,9,3,8,2,8,6,7,1,0,282
0,1,9,5,6,1,0,7,5,0,227
7,3,3,8,6,7,6,0,8,10,291
2,0,8,8,6,9,6,3,3,0,277
10,3,10,2,5,9,7,8,6,5,414
3,0,8,10,7,5,1,7,3,8,293
3,0,2,10,7,3,3,10,10,1,319
7,9,10,0,5,0,5,6,2,10,323
6,1,6,6,6,5,1,0,4,2,218
9,2,5,6,3,5,4,8,10,2,356
10,1,7,10,10,0,8,8,3,6,430
3,5,10,8,6,10,4,9,3,9,373
9,1,10,3,7,1,8,7,9,3,398
3,3,6,9,0,4,10,8,8,9,345
9,3,7,0,4,3,3,3,9,10,277
8,3,3,2,10,5,2,3,10,9,289
0,3,4,9,1,0,2,4,7,4,187
2,6,9,7,0,5,6,1,5,2,248
1,2,10,9,4,5,3,3,4,2,253
9,9,4,6,3,1,3,4,4,1,300
4,0,7,4,1,6,6,2,3,9,217
2,8,3,8,4,9,6,3,3,3,270
7,0,9,5,3,9,9,5,5,0,350
6,5,10,5,8,10,0,5,1,0,317
7,4,3,2,4,3,10,9,8,6,358
0,5,2,8,1,5,8,1,8,10,214
0,1,7,10,4,10,4,1,5,8,230
10,0,7,9,8,1,7,4,3,9,362
5,6,7,6,2,5,5,2,0,4,252
5,6,4,10,4,9,4,5,5,3,321
10,6,7,6,7,2,8,6,10,1,427
3,0,6,6,1,3,0,6,3,10,195
0,7,2,1,2,8,7,8,0,2,227
2,7,0,7,9,8,5,8,2,7,303
0,10,7,8,7,3,2,3,5,1,264
5,10,10,9,6,4,6,6,5,5,400
8,9,0,5,10,0,7,9,1,1,365
0,5,8,2,2,0,2,2,6,5,165
1,9,5,4,7,7,9,7,6,0,343
4,10,7,4,1,7,7,6,2,5,314
4,9,7,4,10,8,9,3,2,9,352
5,7,5,4,3,5,0,9,10,5,307
6,2,3,5,9,0,9,9,6,9,361
7,3,0,1,4,7,4,3,4,3,214
9,7,1,10,0,6,5,2,8,2,302
9,0,6,10,5,0,2,6,6,4,322
8,6,9,3,1,7,4,10,5,7,370
10,3,3,3,5,9,2,4,7,0,295
2,7,7,8,8,0,5,10,0,4,340
8,9,2,8,9,7,9,2,9,7,390
5,7,8,7,3,10,8,0,6,8,319
0,2,7,5,7,6,4,9,2,10,279
10,2,9,0,7,9,5,9,8,3,404
2,8,6,0,9,6,7,5,7,0,308
2,9,1,1,1,4,10,10,10,7,316
3,7,4,9,2,6,7,4,5,4,293
0,2,0,7,1,0,9,2,3,8,162
7,6,2,4,9,1,6,2,8,9,295
5,0,3,5,8,7,8,1,7,6,272
10,3,3,7,7,8,8,2,2,8,336
5,0,1,10,9,6,5,4,10,10,309
3,10,9,6,8,6,9,9,5,3,427
0,6,9,9,6,9,8,9,5,5,384
1,5,0,0,0,1,6,5,0,2,136
7,9,9,4,7,2,3,2,2,9,302
10,9,10,4,7,1,1,6,1,0,356
1,6,10,1,7,3,2,9,6,3,297
5,8,2,7,0,5,2,8,6,9,281
1,1,7,7,7,1,2,1,4,3,193
0,1,7,2,4,5,6,9,5,0,263
8,7,0,0,7,9,2,6,5,2,280
5,0,7,1,9,5,4,7,7,0,304
9,1,8,7,6,10,8,2,8,6,375
10,6,5,2,6,4,10,9,3,7,407
5,3,2,4,8,9,7,1,0,1,244
2,5,7,8,2,3,7,5,10,4,309
7,4,2,3,4,1,9,5,8,5,303
10,5,6,9,8,3,5,6,4,7,394
4,10,10,10,10,9,5,6,4,1,423
7,6,1,7,7,6,0,4,8,8,281
3,1,9,8,1,2,0,3,3,8,200
2,4,0,1,10,0,10,10,2,7,294
2,4,5,8,10,7,6,5,4,9,318
10,8,9,0,1,9,8,2,4,9,336
3,7,3,7,4,2,1,0,1,1,170
7,0,8,3,0,4,3,3,9,7,246
6,0,7,9,2,5,6,7,10,9,348
1,2,10,4,3,3,10,7,9,2,327
2,4,6,1,9,1,2,1,4,2,187
6,1,8,1,5,5,9,7,4,0,330
7,2,1,10,6,2,6,3,10,8,307
5,3,1,6,4,6,3,1,6,4,208
7,9,3,6,6,2,1,3,7,4,280
4,5,8,3,3,8,5,1,1,0,235
4,5,0,7,5,10,3,3,9,1,257
9,4,6,10,9,3,1,6,7,0,371
5,10,0,7,2,5,10,3,9,4,315
8,7,9,5,4,1,2,7,6,10,345
8,0,6,6,5,7,6,7,3,5,339
1,10,3,6,6,2,7,10,10,10,355
9,6,9,9,10,10,5,4,7,0,435
8,4,10,8,9,0,0,3,6,10,326
3,6,9,9,10,2,8,9,2,1,405
0,3,5,3,0,9,6,5,9,5,229
4,4,5,9,4,7,8,7,10,0,368
0,5,1,5,1,5,9,0,4,9,171
3,1,9,8,3,2,8,6,9,6,330
10,7,8,9,10,3,2,2,10,3,390
2,3,9,5,4,3,5,1,9,0,247
2,7,3,6,8,2,7,1,0,6,232
3,7,8,3,4,5,2,7,3,3,276
4,0,9,6,1,7,10,3,3,2,288
0,1,5,1,8,10,5,9,7,3,282
4,5,3,6,3,6,4,6,5,3,270
2,6,10,6,6,0,1,6,6,0,284
0,8,8,0,1,2,6,5,2,2,214
4,5,3,7,7,3,10,8,6,10,363
0,1,7,1,5,2,3,0,1,3,124
9,5,7,2,2,4,0,6,6,10,284
9,2,1,4,1,1,5,1,4,5,206
5,0,0,1,1,3,4,8,4,9,199
4,9,10,2,7,3,4,6,0,6,310
4,8,8,10,3,3,2,10,5,0,359
0,8,1,10,8,7,3,0,1,1,204
7,6,5,3,10,2,9,8,3,9,383
3,3,5,1,0,0,7,2,5,7,182
1,8,8,0,1,2,2,0,5,0,154
7,7,7,6,4,1,10,6,10,1,397
5,7,3,4,8,4,8,1,6,10,288
4,5,5,2,1,1,6,0,7,10,197
4,3,0,2,6,1,3,5,10,3,220
2,2,6,1,10,1,9,7,4,3,299
7,4,10,2,8,0,2,1,7,10,274
8,7,10,8,2,9,1,0,1,0,284
3,10,3,8,4,6,2,3,6,8,261
3,10,8,9,9,5,3,5,6,3,357
6,5,8,10,8,5,4,6,0,2,356
4,0,2,1,6,10,5,0,1,5,170
9,8,5,0,4,7,4,0,5,2,262
2,9,3,7,4,9,2,1,0,0,205
4,2,1,10,9,3,4,5,1,2,266
8,6,9,3,1,9,9,9,6,3,410
10,9,5,10,5,6,3,9,0,8,402
8,4,9,1,8,7,7,10,9,10,430
10,7,10,2,1,10,8,0,1,1,321
6,3,0,6,3,2,7,3,3,1,233
0,7,8,10,3,3,6,6,7,8,314
7,0,4,3,6,4,1,4,1,4,216
10,3,10,2,5,0,2,5,1,4,297
6,7,7,7,7,0,2,6,4,9,320
6,8,2,5,1,0,5,0,5,2,210
5,5,3,10,6,6,6,10,8,2,390
8,10,5,4,3,9,8,2,10,8,358
2,4,8,9,5,6,4,9,3,4,332
7,7,4,7,6,1,4,8,3,6,338
10,9,7,5,10,7,8,7,2,2,447
8,8,0,6,4,0,5,8,7,7,328
0,3,9,10,7,10,2,9,5,9,336
4,0,0,7,1,5,2,6,6,1,203
3,10,9,1,0,2,3,3,3,0,221
9,10,5,3,1,7,3,10,4,5,360
8,6,4,7,5,7,1,8,3,5,331
8,0,5,10,7,5,0,9,6,6,346
2,3,9,5,7,5,0,3,5,9,235
8,1,3,8,8,4,9,10,5,9,406
10,2,5,6,9,4,2,9,9,2,389
9,9,1,7,6,2,4,6,9,5,354
5,8,10,5,8,6,2,5,8,6,354
6,6,9,6,1,6,1,0,6,7,245
10,5,10,9,5,0,0,8,3,6,371
10,6,8,9,5,2,7,8,8,1,444
3,4,4,6,0,3,7,5,6,10,253
4,10,7,7,1,4,5,9,7,7,357
8,5,6,5,9,10,7,2,5,4,357
4,3,5,10,10,9,8,2,4,7,337
1,10,8,3,8,5,10,2,4,9,313
8,3,0,2,2,5,7,6,8,9,282
8,5,5,6,1,1,8,1,4,9,275
9,9,1,6,7,8,8,0,7,4,336
10,0,4,7,8,1,8,6,10,1,385
4,8,7,8,0,2,9,7,2,0,333
5,1,2,5,6,9,5,9,2,6,300
4,4,5,6,5,1,10,9,7,9,362
4,4,8,6,10,0,7,5,1,10,322
1,10,2,2,0,1,4,9,3,10,223
5,9,9,9,10,6,4,0,4,0,338
6,8,7,9,10,6,6,3,9,2,395
7,1,2,8,9,7,8,4,0,1,316
8,5,8,3,9,6,8,4,10,1,395
6,7,0,8,7,2,7,8,3,8,339
8,1,10,1,4,7,9,6,1,7,342
9,4,9,5,6,5,0,2,3,2,286
6,9,7,10,9,10,9,4,9,3,446
0,5,8,7,0,4,9,0,1,9,211
3,4,10,8,0,0,0,3,9,3,234
7,2,7,8,3,0,4,5,4,8,293
7,0,7,6,0,6,9,2,7,10,293
6,5,9,8,2,0,6,7,3,0,338
10,0,2,10,9,3,5,1,5,4,307
6,7,5,8,1,0,3,10,10,0,348
10,8,7,6,0,8,4,5,5,0,351
5,5,0,1,4,2,5,1,10,2,201
9,7,10,5,6,3,9,3,1,7,376
2,7,8,6,2,10,5,2,9,8,285
10,3,9,4,4,1,8,10,10,0,433
5,0,5,10,3,2,1,3,0,10,207
6,5,10,1,6,4,10,2,0,2,309
5,6,1,7,0,4,1,9,7,3,267
7,3,5,8,2,1,10,9,10,2,393
1,7,5,8,4,1,7,0,10,3,251
5,7,4,9,3,1,4,5,7,4,298
3,8,1,5,8,2,5,8,0,9,281
1,9,9,2,2,4,10,1,8,3,276
10,8,2,0,5,9,1,7,10,6,329
8,8,7,3,10,10,10,2,3,10,389
0,7,0,7,0,10,1,1,4,5,141
2,10,7,4,0,9,0,2,3,6,202
0,2,1,9,7,8,3,7,6,4,255
8,9,5,5,7,1,6,10,4,6,399
3,3,9,1,6,7,5,2,1,8,235
4,1,5,3,2,7,5,10,3,0,283
10,7,9,10,0,5,2,3,6,6,343
5,1,5,0,2,4,3,3,6,2,192
4,6,2,4,7,2,2,6,2,4,240
9,1,4,0,2,10,4,4,7,10,265
3,2,7,3,1,2,6,7,1,0,241
7,8,9,10,8,8,5,7,6,0,439
6,8,5,0,10,7,9,10,5,0,408
1,0,7,0,8,0,2,2,0,10,143
2,3,10,4,6,5,1,7,2,4,266
6,10,2,5,0,9,8,0,0,2,245
3,9,6,0,0,2,3,7,9,5,253
2,4,2,7,5,1,6,0,9,3,213
1,6,1,9,10,1,9,7,2,10,314
7,1,10,8,2,0,4,7,9,2,343
4,2,7,9,2,1,9,4,6,10,304
9,4,10,7,4,7,7,5,6,6,397
8,0,5,7,8,7,1,6,6,4,318
8,0,2,8,6,0,6,4,4,8,282
8,1,2,2,0,1,4,7,7,6,244
5,0,7,4,4,6,7,6,5,0,301
3,4,4,0,2,7,3,3,6,9,189
3,0,2,5,0,10,7,5,3,0,222
0,3,2,5,1,2,1,8,0,1,159
2,6,10,9,5,9,9,3,1,8,337
8,9,10,0,0,5,1,2,7,5,266
2,3,1,6,6,5,1,10,4,1,253
6,9,1,3,4,5,1,2,3,10,209
6,10,4,4,8,3,5,8,5,2,359
8,7,6,0,8,5,1,3,10,3,298
8,8,8,3,7,10,0,10,9,0,402
0,7,0,10,3,4,6,5,9,7,259
6,3,4,1,2,2,3,1,6,7,185
9,10,7,2,2,10,10,6,3,1,395
9,2,8,5,6,7,10,5,8,7,405
4,4,8,0,10,3,5,4,3,6,277
8,1,9,6,1,6,8,5,3,10,334
9,4,9,6,6,3,7,2,5,0,350
4,5,1,0,5,6,6,10,8,8,300
8,2,1,7,4,3,7,1,5,5,258
5,7,5,5,7,2,0,7,8,2,300
10,10,9,2,2,8,3,5,1,3,339
8,1,0,1,4,3,1,8,10,8,252
8,3,10,6,7,2,8,2,3,10,345
3,5,2,2,10,3,0,7,5,9,240
0,2,1,8,4,7,6,7,4,2,244
1,10,5,5,4,9,10,7,9,1,362
4,0,0,0,9,9,2,10,9,9,273
1,1,0,6,1,10,0,5,5,3,157
7,5,7,9,0,9,8,10,3,0,401
0,3,10,0,0,9,3,1,2,3,154
3,4,5,10,6,2,8,6,2,8,319
1,0,2,0,9,5,4,2,5,8,165
5,2,10,1,10,0,7,10,9,3,388
1,0,0,10,6,4,1,10,2,10,234
10,6,2,3,3,4,3,8,1,5,300
8,9,2,8,7,7,3,6,1,7,338
4,4,5,3,10,4,5,7,4,3,311
8,3,6,4,9,5,7,5,4,10,352
2,5,2,0,4,3,10,3,1,1,206
1,2,7,8,4,9,9,6,5,1,320
5,1,8,1,0,5,10,6,5,0,292
0,8,1,6,8,9,9,8,4,7,326
3,10,8,0,3,10,1,9,9,6,318
8,4,7,0,5,0,9,4,5,10,311
6,3,7,0,8,3,7,7,1,7,311
7,10,10,5,8,4,10,10,0,3,460
0,1,4,5,6,2,4,6,4,2,213
2,10,0,1,7,9,0,1,1,4,159
9,6,4,3,0,9,1,7,2,5,279
0,5,0,7,4,6,8,5,0,10,223
7,2,9,1,8,10,7,5,3,9,345
3,0,5,0,8,9,10,10,2,7,328
0,4,0,6,3,6,6,4,1,5,184
2,10,0,5,10,1,6,4,5,9,271
2,7,1,0,8,4,7,9,7,2,296
2,3,6,9,0,2,4,10,1,5,273
10,8,6,4,2,6,7,9,1,6,386
3,3,10,10,5,1,3,1,7,5,270
4,2,10,6,9,7,6,9,8,1,401
6,1,1,1,5,0,3,0,8,4,164
9,0,8,4,1,1,5,9,9,10,345
3,2,0,7,3,8,5,1,3,5,186
9,10,1,9,3,3,7,6,0,3,344
3,2,2,1,5,0,2,4,3,1,158
10,4,9,1,10,8,8,0,0,3,337
9,3,8,7,1,5,0,7,1,9,298
0,5,6,9,3,5,9,4,6,2,290
9,10,5,0,0,9,8,2,2,6,294
2,0,10,2,6,10,8,0,3,0,244
9,2,10,4,10,4,6,6,7,3,402
1,1,0,3,2,5,10,4,4,5,196
2,6,5,6,5,1,8,8,10,0,338
8,10,10,10,8,10,5,3,9,7,444